

Mr = 10^(2.7/20)

rp = roots([-4 0 4 0 -(1/1.8621)])

K2 = 2 * rp(4) * 1-2